Multiple size <= 100
TEST 3 ARG:34 13 50 33 55 94 85 51 74 80 82 1 49 19 17 44 92 58 79 7 31 97 81 20 70 23 28 71 91 9 73 38 43 26 89 39 99 37 18 8 83 63 84 67 68 11 77 65 6 16 36 48 78 12 61 25 90 57 15 98 45 29 3 21 54 95 42 60 56 24 27 64 0 47 53 76 96 41 46 14 35 87 32 10 5 40 22 72 75 62 4 69 93 88 86 52 66 59 2 30
TEST 4 ARG:66 72 94 52 23 64 40 18 60 34 24 93 54 48 44 50 29 2 91 73 19 63 77 90 27 79 4 43 47 46 15 56 16 25 22 32 96 13 71 78 45 87 0 98 39 21 1 59 10 57 36 35 85 81 84 37 88 68 17 95 8 33 6 26 28 58 65 61 82 67 92 89 11 42 51 5 14 9 30 20 76 62 86 38 97 83 49 99 74 80 70 41 69 12 3 75 7 53 55 31
TEST 5 ARG:80 14 70 12 85 71 23 40 66 10 91 13 46 29 36 27 77 0 6 98 17 61 78 38 25 47 57 54 28 62 16 96 65 48 49 33 53 82 74 79 93 92 68 1 32 83 59 9 19 43 69 97 44 3 30 94 84 52 95 7 99 58 72 26 24 51 63 60 15 11 31 41 88 5 67 2 56 18 35 50 86 89 73 39 8 81 20 4 87 76 45 90 22 64 21 34 75 42 55 37
TEST 6 ARG:89 3 7 42 83 19 95 30 85 80 34 35 67 10 97 94 53 65 88 39 56 69 58 91 82 20 32 0 45 70 71 87 68 11 50 28 9 99 24 6 92 76 36 8 14 66 49 37 55 93 51 23 96 98 40 12 86 22 64 84 79 57 61 29 2 54 90 60 78 62 43 75 46 16 26 15 38 27 73 25 21 41 17 48 72 52 1 4 81 59 18 63 33 44 77 13 74 47 31 5
TEST 8 ARG:49 70 40 44 45 72 88 2 30 81 41 9 6 29 58 42 38 73 97 17 19 59 65 79 26 76 94 52 63 31 4 85 75 1 14 18 78 64 23 20 51 37 87 67 22 15 91 25 61 55 10 5 8 7 89 50 32 46 56 35 62 13 68 82 60 39 27 34 92 96 93 98 95 33 36 83 12 16 21 3 48 28 86 0 84 71 74 80 77 43 57 90 53 24 47 54 69 66 11 99
TEST 9 ARG:54 35 13 28 21 49 52 78 45 99 67 95 75 11 71 41 76 12 86 97 59 19 90 87 36 69 58 63 23 62 56 5 51 10 73 74 92 29 42 14 91 50 26 83 27 61 96 48 37 17 88 8 98 60 93 57 80 39 68 18 79 72 81 34 65 55 46 77 15 7 0 38 64 85 30 1 82 31 20 32 66 16 43 53 40 4 89 94 33 47 44 70 84 2 24 25 3 6 22 9
TEST 10 ARG:34 23 58 66 39 31 94 28 24 75 79 97 48 50 18 81 7 49 71 43 3 86 88 78 27 96 65 19 32 12 73 99 52 62 84 90 44 38 4 67 26 2 33 51 21 0 61 6 42 41 45 85 82 74 93 35 30 92 56 68 20 76 22 53 55 72 77 36 64 91 80 5 16 10 60 89 83 98 29 59 69 47 40 87 9 70 25 8 37 63 11 1 17 14 46 57 95 54 15 13
TEST 11 ARG:35 99 13 18 57 53 65 48 0 49 25 7 94 93 84 52 91 45 46 87 5 92 1 33 24 71 89 64 68 67 10 4 31 44 6 66 72 8 76 78 60 56 97 81 27 58 22 2 42 32 16 17 38 61 19 86 26 73 95 55 20 15 80 88 59 39 37 96 9 21 30 90 63 12 14 69 36 23 70 11 82 83 51 34 79 54 77 29 40 3 75 85 50 74 47 41 28 98 43 62
TEST 12 ARG:97 85 35 56 74 93 30 0 95 77 1 84 22 44 78 50 12 62 92 70 49 31 19 61 83 45 51 57 16 53 39 3 13 79 58 23 76 42 7 15 41 55 37 25 5 34 69 88 96 27 67 89 38 33 43 17 72 4 73 48 54 24 11 8 46 68 94 66 87 64 20 86 40 71 98 2 60 36 21 32 63 99 14 47 10 52 28 29 6 18 59 75 9 80 90 81 65 91 82 26
TEST 14 ARG:70 82 74 66 28 53 35 7 46 12 1 50 2 41 14 4 40 58 60 86 98 91 45 43 9 94 49 83 84 27 71 85 18 76 54 68 39 99 51 55 15 87 22 23 59 67 93 63 32 8 3 97 24 25 42 81 65 77 62 29 19 48 75 0 64 17 47 31 13 44 30 96 38 6 16 72 89 78 57 34 10 92 11 56 21 52 36 88 80 37 26 69 20 33 95 5 90 73 61 79
TEST 15 ARG:97 36 81 31 85 35 10 39 3 55 47 69 38 46 18 1 94 70 76 58 92 75 5 44 34 30 6 72 7 90 79 78 4 63 49 86 83 41 21 8 48 45 66 19 37 0 12 32 80 24 82 25 40 17 16 14 73 9 67 50 60 84 95 23 93 51 98 15 43 74 87 28 33 77 64 71 59 91 57 22 56 88 27 11 2 13 29 52 26 96 99 62 54 68 20 53 42 89 61 65
TEST 16 ARG:54 11 92 63 28 18 67 91 41 33 53 46 36 42 78 71 15 79 80 40 97 59 32 86 82 8 38 58 65 73 94 44 96 29 5 57 35 88 95 14 19 21 81 12 10 23 13 6 62 37 89 17 52 77 85 66 70 51 93 2 27 64 45 69 87 3 47 74 72 30 50 1 56 39 99 60 75 25 9 61 84 83 22 0 31 68 7 4 49 26 34 20 43 16 90 24 55 48 98 76
TEST 18 ARG:61 1 58 99 33 73 22 80 44 75 83 5 19 25 67 64 51 92 82 8 87 11 68 48 46 85 78 17 32 38 95 40 23 13 74 97 42 76 56 71 18 3 57 50 47 55 31 4 9 24 20 86 89 29 88 62 0 37 45 94 39 12 15 63 81 72 36 27 79 26 69 59 21 70 98 49 65 16 41 28 77 60 90 91 2 93 35 43 10 34 14 7 66 96 53 6 84 52 30 54
TEST 19 ARG:86 88 98 42 65 5 23 8 40 29 28 15 4 62 41 0 9 16 37 70 11 73 80 77 97 44 34 22 85 6 35 24 38 52 47 31 95 67 82 75 74 57 3 79 53 32 19 91 45 18 54 68 59 89 90 13 21 1 36 30 63 66 14 58 43 69 55 51 92 64 48 78 99 60 71 7 12 84 25 17 49 94 61 39 50 33 46 2 56 93 26 81 27 10 72 87 83 96 76 20
TEST 20 ARG:48 72 12 49 26 95 45 43 52 67 90 23 38 18 57 54 24 36 3 1 40 84 32 22 88 65 2 79 34 21 16 0 92 35 39 69 4 15 75 94 82 61 41 78 91 31 20 59 55 99 42 50 64 98 37 56 47 46 86 81 9 30 74 93 25 73 76 33 19 5 29 80 27 11 71 10 44 6 58 96 63 77 87 8 14 13 53 66 97 60 7 83 70 68 89 51 85 62 17 28
TEST 21 ARG:68 69 31 54 84 56 97 74 9 30 93 24 17 53 42 2 8 87 61 26 32 11 48 90 19 15 70 72 10 47 62 45 49 6 41 43 60 79 99 94 44 14 0 80 75 34 50 21 33 25 46 89 36 22 77 4 85 88 76 96 65 67 23 28 13 52 64 91 5 40 59 1 35 81 86 98 63 78 58 20 57 12 66 38 29 83 3 27 92 16 39 18 82 55 7 71 95 37 73 51
TEST 22 ARG:61 64 41 66 98 90 78 47 94 33 63 71 12 34 49 46 67 38 72 0 7 81 96 88 24 54 83 70 87 68 27 22 50 51 23 29 99 73 77 57 3 42 32 30 52 43 6 36 1 56 11 59 15 5 40 69 20 48 95 89 45 16 37 35 25 97 62 53 21 17 31 91 39 19 76 85 60 75 82 65 18 26 10 8 80 2 86 79 9 13 28 74 84 14 93 92 55 58 4 44
TEST 23 ARG:71 0 61 51 49 95 94 64 36 32 23 79 66 77 11 90 72 55 31 60 74 34 7 40 43 1 83 21 92 93 59 78 56 13 38 67 6 57 5 73 89 88 86 44 45 12 70 25 52 47 30 98 18 84 58 96 9 4 69 28 2 91 41 82 24 10 62 54 85 8 29 63 53 99 50 80 26 81 48 3 46 19 37 87 76 16 68 20 22 33 39 27 42 14 75 35 97 17 65 15
TEST 27 ARG:12 38 56 13 1 51 2 66 10 40 17 71 72 70 18 0 5 94 16 57 39 8 82 61 90 14 68 55 22 76 49 46 28 21 36 63 43 95 41 81 11 99 37 7 19 45 65 89 26 25 79 24 64 50 3 93 92 52 35 74 31 9 58 34 27 86 30 15 91 59 29 88 67 32 87 23 53 98 84 77 75 42 54 6 96 60 73 48 62 44 83 85 78 20 97 80 47 4 33 69
TEST 28 ARG:44 96 84 94 88 42 74 64 91 8 79 12 85 28 14 30 25 71 5 63 27 69 33 22 55 17 4 47 48 38 2 19 93 73 29 49 9 23 57 82 13 58 76 51 60 10 24 7 32 39 89 77 18 40 86 43 36 68 75 80 20 87 35 41 62 54 0 90 16 67 81 11 21 46 15 50 92 3 99 95 1 45 31 70 59 6 98 66 78 52 34 26 56 37 61 97 65 83 53 72
TEST 29 ARG:48 23 68 58 83 60 70 87 13 63 0 3 42 8 31 46 62 75 73 14 25 91 99 81 86 76 32 26 5 89 36 20 93 4 16 71 78 19 95 56 64 40 96 90 97 1 29 55 24 74 92 12 27 28 51 22 52 57 11 47 39 84 34 41 59 66 21 98 82 30 6 35 18 80 77 61 85 67 49 65 50 15 45 10 7 94 37 54 38 33 43 17 9 88 79 53 69 2 44 72
TEST 31 ARG:88 15 71 27 46 51 45 1 74 56 90 8 67 6 64 54 12 93 26 29 33 86 25 55 95 53 48 89 9 98 81 5 41 17 94 69 0 35 20 59 77 63 66 38 65 50 32 68 43 60 36 61 49 87 70 72 79 97 80 16 10 23 76 28 57 24 22 58 7 82 3 11 14 92 44 42 30 37 83 34 75 85 39 91 18 99 73 78 84 2 52 4 19 31 40 47 21 62 13 96
TEST 34 ARG:49 79 86 95 64 88 78 25 41 52 38 37 66 98 99 21 56 36 97 58 15 7 42 73 35 60 16 74 31 19 8 80 72 61 87 90 51 55 4 40 47 89 63 92 43 54 11 70 68 20 0 6 77 24 81 17 22 44 65 45 75 82 84 71 33 76 18 94 53 96 28 83 30 67 85 26 32 62 5 91 46 93 69 2 48 9 29 14 13 1 3 34 10 23 50 27 12 59 57 39
TEST 36 ARG:16 78 47 27 84 93 12 13 18 95 31 96 30 87 80 22 94 41 72 1 23 76 64 48 24 82 28 44 65 54 8 79 2 10 37 39 97 38 56 51 46 9 26 29 3 33 58 40 0 60 63 74 17 53 52 99 61 90 34 85 98 77 75 59 21 62 67 92 15 32 70 81 50 6 42 25 7 68 73 55 35 66 86 83 71 45 11 5 91 14 20 19 88 4 57 89 43 49 36 69
TEST 37 ARG:91 50 88 97 41 62 75 84 9 59 24 92 70 69 19 83 58 61 72 78 26 7 42 48 53 80 34 40 35 99 4 31 64 3 11 67 6 57 38 13 98 93 85 25 52 30 65 43 37 27 73 10 32 45 46 8 49 16 90 33 79 29 15 51 47 95 94 14 2 20 28 39 89 96 22 56 36 18 63 77 74 0 86 44 68 76 23 5 66 55 17 21 1 82 60 12 54 71 87 81
TEST 38 ARG:49 77 38 96 10 17 13 48 62 73 78 91 28 30 89 59 4 60 0 7 82 24 67 65 57 88 5 71 99 81 50 25 85 41 76 16 55 1 26 12 83 44 9 63 34 21 15 6 79 19 22 39 33 95 61 54 80 11 31 72 66 40 32 37 53 52 90 74 51 18 84 92 87 27 69 35 64 47 42 56 45 20 2 46 43 3 8 93 29 23 58 97 68 86 94 36 14 98 70 75
TEST 39 ARG:96 88 49 69 44 39 13 98 60 89 80 73 32 99 22 53 8 23 92 86 6 26 97 28 14 84 62 91 59 21 90 68 41 12 95 20 18 30 25 10 64 9 37 72 56 48 77 43 31 70 75 27 61 47 16 83 87 40 55 45 1 35 29 79 3 78 58 76 34 17 65 4 46 15 36 74 82 81 94 66 52 7 71 5 2 85 63 67 54 93 33 19 24 51 0 42 38 11 57 50
TEST 40 ARG:34 15 68 98 99 90 41 17 51 87 28 82 70 49 32 92 93 76 84 27 22 36 40 66 33 38 52 71 74 95 54 73 1 26 69 62 97 53 61 94 45 46 29 9 83 56 10 81 11 80 25 2 31 47 96 88 63 13 8 67 43 64 18 39 60 24 6 48 14 78 4 55 85 5 58 16 79 7 50 21 91 77 0 30 20 59 42 37 44 57 75 86 3 72 19 12 35 65 23 89
TEST 41 ARG:25 4 58 9 5 78 22 14 40 38 60 92 50 11 31 34 67 0 35 86 57 41 74 79 87 75 42 62 72 83 85 3 77 2 59 95 33 29 46 98 51 63 94 65 21 17 24 10 81 18 91 56 6 19 61 66 82 69 28 90 39 89 99 70 16 15 45 32 73 23 53 96 43 64 27 71 7 84 8 54 26 93 12 97 30 13 48 37 44 20 49 80 88 1 36 68 76 47 55 52
TEST 42 ARG:78 59 49 89 16 79 41 48 7 53 61 20 1 93 77 58 18 12 29 73 99 81 46 13 83 15 8 51 56 2 23 69 21 67 5 38 71 64 54 32 0 76 47 14 42 24 98 4 36 84 92 90 86 44 55 75 96 10 17 22 74 70 65 40 39 66 82 34 19 28 9 94 25 30 88 62 63 95 87 68 43 35 37 50 57 3 33 26 91 11 31 60 45 52 85 97 27 6 72 80
TEST 44 ARG:37 12 72 28 57 53 92 71 54 76 91 7 50 41 38 73 79 0 88 35 96 81 48 62 11 30 45 84 24 31 87 58 83 95 36 59 56 17 29 42 14 10 44 77 34 78 23 39 55 33 64 46 93 65 16 26 86 94 1 13 75 49 5 82 63 61 21 4 18 15 6 8 52 67 60 70 74 90 97 68 51 40 99 19 98 27 20 69 9 22 3 25 80 89 47 66 85 2 43 32
TEST 45 ARG:50 78 77 95 98 37 48 74 24 15 91 11 65 0 81 86 97 80 99 47 25 66 94 45 3 40 53 28 36 29 8 30 46 92 41 58 39 93 79 13 7 22 68 17 82 63 6 14 51 87 70 89 2 49 90 85 12 96 67 60 62 35 73 31 55 43 54 72 26 75 23 16 34 18 42 9 71 84 27 64 1 5 83 52 76 44 61 10 33 21 56 32 20 4 38 57 88 19 69 59
TEST 46 ARG:42 62 99 63 33 87 80 89 32 9 7 76 79 55 23 98 50 96 34 0 41 12 20 44 5 94 19 51 1 11 65 25 64 46 85 52 53 2 95 15 3 40 97 16 88 49 74 93 18 59 83 6 8 27 28 21 82 71 48 39 4 90 57 43 36 75 84 58 30 78 72 68 26 22 14 29 73 61 66 60 24 67 56 91 70 31 86 47 17 54 35 45 77 13 69 37 10 81 92 38
TEST 47 ARG:96 28 47 55 82 36 21 33 79 14 52 41 11 13 63 61 87 9 27 77 65 15 73 46 31 22 8 1 92 89 86 50 98 7 62 44 38 24 5 88 94 97 64 76 99 68 66 17 19 81 4 35 23 18 43 71 74 30 51 69 95 59 42 53 90 75 72 12 20 26 84 25 3 70 45 10 91 85 32 58 83 2 49 37 80 56 67 6 60 39 57 0 48 29 54 16 40 78 34 93
TEST 48 ARG:12 67 26 17 70 59 5 83 19 40 28 44 53 29 46 97 39 14 65 77 81 52 36 91 48 41 90 32 33 68 51 96 31 1 10 66 43 22 58 9 89 57 71 50 79 84 18 15 60 94 25 76 87 8 30 20 74 98 99 80 34 88 24 54 23 86 78 73 47 55 69 75 38 64 93 85 0 82 4 56 35 2 61 3 27 6 42 92 16 45 21 13 95 11 49 63 7 72 62 37
TEST 49 ARG:78 16 91 98 11 97 30 35 50 32 92 99 76 71 20 40 26 57 61 77 81 85 29 90 0 94 23 7 44 39 68 19 86 4 15 96 95 28 72 73 17 79 75 58 46 64 53 80 52 70 13 22 59 51 82 14 18 12 36 42 9 66 62 43 54 74 3 37 88 6 27 24 49 21 60 55 25 56 83 1 47 45 31 48 33 67 93 34 41 10 87 89 69 63 8 2 38 5 84 65
TEST 50 ARG:63 67 95 8 53 60 14 59 89 68 13 12 40 99 96 9 39 49 20 44 37 61 79 42 4 92 35 17 81 87 55 34 29 24 32 90 88 57 86 28 21 3 6 77 33 71 51 7 1 36 11 76 45 66 80 25 97 43 74 70 38 30 50 83 2 23 58 26 48 85 22 93 52 16 94 19 72 27 15 5 41 10 73 64 98 31 47 78 18 46 54 69 56 65 84 0 91 75 82 62
TEST 51 ARG:51 91 11 2 44 39 89 37 50 77 73 22 75 41 65 6 53 15 55 96 68 0 97 61 98 78 18 47 9 74 26 25 56 12 35 80 84 93 79 20 30 76 82 46 70 81 88 3 49 21 7 59 92 48 13 10 87 4 19 32 58 38 60 71 40 52 90 67 94 24 31 62 8 64 99 43 95 42 33 45 34 5 72 29 16 54 36 28 63 85 23 86 14 1 83 69 66 17 57 27
TEST 52 ARG:68 1 47 55 35 13 65 52 22 62 99 4 73 83 91 70 24 96 79 26 7 45 17 95 97 78 42 18 32 38 67 15 29 93 89 56 27 66 85 12 54 41 75 77 3 71 48 82 21 9 43 25 80 58 63 31 60 39 50 76 0 16 84 20 30 49 74 98 5 88 8 11 81 57 90 59 19 28 34 94 72 53 87 6 23 37 69 36 46 51 33 92 86 44 61 2 64 40 14 10
TEST 53 ARG:14 13 89 11 92 81 17 78 26 95 30 36 94 34 70 46 38 60 32 62 9 3 10 57 86 83 21 74 24 28 44 53 35 82 93 76 96 8 47 77 4 48 16 56 88 79 39 22 37 50 1 27 85 58 5 43 59 87 41 2 84 18 68 25 23 98 99 75 54 80 63 20 45 19 12 65 97 33 31 40 29 52 49 15 71 72 69 61 66 91 6 7 51 42 64 0 73 67 90 55
TEST 56 ARG:94 2 77 54 97 73 44 6 26 28 18 60 78 24 27 10 76 85 36 98 39 41 91 35 31 87 86 50 29 49 57 99 55 42 19 3 13 69 66 8 93 88 30 23 59 9 14 21 12 71 38 5 80 53 22 37 46 74 45 20 51 47 7 43 64 56 52 70 17 90 65 11 1 16 4 89 25 58 83 75 63 67 40 33 92 95 61 82 79 15 62 84 96 48 72 32 0 81 68 34
TEST 58 ARG:23 29 66 16 3 72 5 61 2 98 12 69 87 64 19 9 56 88 28 10 67 48 50 4 24 92 38 95 91 46 80 86 15 77 96 18 75 22 37 40 57 13 43 74 93 70 27 65 85 97 52 36 26 42 7 71 14 21 30 81 39 89 82 78 33 53 34 32 63 41 55 68 31 45 49 44 1 58 79 0 54 73 25 8 59 11 99 35 47 20 90 17 83 84 51 60 62 6 94 76
TEST 59 ARG:70 91 20 67 41 35 42 48 99 81 34 18 22 59 71 61 95 73 31 33 37 16 8 45 19 94 64 6 40 27 86 66 72 49 11 54 17 51 98 25 10 12 3 0 28 13 68 43 47 53 90 96 85 55 93 26 78 52 65 80 79 97 9 44 38 30 83 82 60 87 77 39 24 63 76 21 58 56 5 1 89 74 69 62 46 2 7 92 14 75 4 57 84 36 88 50 29 15 23 32
TEST 61 ARG:96 91 2 9 28 93 72 89 50 73 70 53 13 32 42 35 85 12 57 45 76 7 26 27 15 19 66 95 80 62 20 18 40 29 63 6 84 36 60 65 39 21 87 90 11 81 77 41 69 64 37 92 22 98 86 52 31 1 78 48 33 17 38 34 8 55 44 88 30 54 59 94 14 46 82 68 71 75 23 0 47 49 83 51 4 43 16 10 97 58 61 56 5 3 67 99 79 74 24 25
TEST 62 ARG:83 74 92 53 72 97 13 70 67 71 40 77 34 17 20 7 51 76 49 5 46 26 30 41 48 1 18 79 44 24 37 94 4 81 2 38 98 42 15 22 80 63 88 27 12 69 82 62 64 59 61 33 58 6 50 28 96 23 65 99 11 47 95 55 9 89 29 19 25 45 56 85 14 21 54 52 32 73 36 3 10 75 39 8 84 68 35 31 86 91 0 90 57 16 93 78 87 43 66 60
TEST 63 ARG:25 37 7 45 56 5 40 79 72 57 65 53 11 93 81 67 42 66 4 58 74 16 77 44 52 76 41 82 54 22 35 19 80 88 75 96 33 71 97 49 13 95 51 69 18 1 27 6 60 39 92 34 63 24 31 3 0 62 47 36 30 8 83 64 48 84 50 26 38 98 21 9 17 68 28 12 91 73 2 55 20 43 10 46 87 99 29 78 89 32 23 86 14 94 15 70 61 85 59 90
TEST 65 ARG:34 29 0 9 95 47 51 70 77 25 88 7 73 57 10 24 76 43 54 85 26 63 81 93 27 12 36 48 16 80 60 79 74 53 94 58 13 45 55 83 41 3 99 75 59 52 72 37 40 68 50 8 56 61 78 87 89 21 49 98 65 39 35 66 86 17 31 38 2 6 20 69 84 33 96 82 15 44 32 90 14 67 4 19 18 23 92 28 30 62 5 42 71 64 11 1 91 46 22 97
TEST 67 ARG:82 30 73 8 43 61 70 93 51 84 86 11 7 59 87 55 75 41 54 31 5 22 91 65 96 18 1 16 56 79 2 60 89 42 88 38 4 21 10 90 45 94 48 81 52 80 9 13 76 92 69 50 25 23 46 12 14 53 20 67 19 29 66 97 71 44 47 35 26 68 17 24 27 34 57 36 37 3 28 64 99 72 40 33 58 78 39 85 83 6 0 95 77 32 74 49 63 15 98 62
TEST 68 ARG:90 45 9 19 5 8 66 92 93 70 0 71 21 56 20 98 32 27 43 63 89 15 78 6 73 74 62 14 79 22 77 72 41 18 12 84 46 38 91 80 17 30 94 37 39 87 50 60 47 25 86 16 44 99 23 29 28 33 53 68 85 26 36 42 83 69 35 96 64 67 55 58 40 4 49 51 13 10 82 24 81 1 54 76 97 65 52 61 59 48 7 2 11 31 57 95 3 75 34 88
TEST 69 ARG:38 24 88 93 98 2 10 94 57 13 54 78 95 7 40 29 26 55 4 49 45 0 56 8 35 46 6 28 14 16 79 52 48 15 91 19 74 62 9 27 72 77 60 22 11 85 39 30 92 25 43 87 5 37 20 90 3 81 59 1 50 61 84 31 44 69 34 53 23 18 73 97 36 17 80 68 82 63 47 75 41 76 64 67 66 86 33 32 96 83 58 51 12 70 42 65 21 99 71 89
TEST 71 ARG:98 15 22 89 82 29 40 2 75 91 46 93 38 10 30 51 78 85 94 60 86 34 49 66 97 4 42 37 17 24 53 65 26 32 0 39 35 6 9 81 12 48 19 52 16 84 36 54 90 58 13 23 59 44 55 25 62 80 68 50 14 76 8 99 88 33 41 1 95 27 45 64 57 70 7 69 5 28 96 20 43 56 72 74 11 79 18 73 87 31 47 71 21 92 77 61 63 3 83 67
TEST 72 ARG:6 30 79 13 37 9 96 8 23 85 29 24 16 28 51 81 62 59 80 7 26 19 40 95 34 5 12 76 18 69 86 63 98 22 44 48 64 92 89 4 88 27 46 97 49 25 60 91 77 74 78 72 93 3 31 36 83 58 32 90 70 17 65 53 87 41 35 75 15 56 57 52 67 1 43 73 55 61 21 33 94 54 0 39 11 2 20 42 10 45 68 99 71 14 82 38 66 50 47 84
TEST 78 ARG:6 41 27 98 90 40 1 81 24 72 88 13 82 53 46 67 42 91 54 51 55 11 33 71 94 63 37 25 47 39 44 34 23 62 2 58 45 49 30 61 26 70 29 87 83 89 79 38 97 31 80 43 3 96 17 60 22 16 85 18 4 12 92 84 35 15 95 7 59 65 56 48 14 68 57 66 28 20 19 77 78 75 73 93 0 64 86 10 21 74 69 5 99 52 50 36 8 9 32 76
TEST 79 ARG:7 39 51 71 86 44 79 78 30 95 74 98 96 3 50 65 19 64 21 12 68 48 1 88 93 42 58 94 8 53 92 28 83 26 84 34 72 57 82 70 69 32 55 38 29 6 87 20 47 91 5 63 41 54 80 24 10 76 43 97 16 90 2 77 22 13 0 49 61 56 37 15 67 27 33 9 99 45 66 31 59 52 36 89 14 81 75 73 60 23 46 11 25 4 17 40 85 62 35 18
TEST 80 ARG:97 83 40 64 24 66 5 65 95 47 96 20 99 42 67 68 27 16 72 71 90 94 4 89 12 55 1 49 30 98 84 63 41 86 93 58 32 17 92 69 9 87 10 82 44 29 46 85 43 18 77 21 59 14 25 22 80 28 19 51 11 62 35 23 37 60 13 45 91 53 74 0 75 33 61 39 88 54 38 3 8 15 73 26 56 76 48 78 79 7 2 31 52 6 57 50 36 81 34 70
TEST 81 ARG:98 85 95 11 59 5 21 76 51 86 56 27 65 64 91 77 94 13 72 22 52 39 6 82 58 1 79 16 81 60 17 80 61 19 40 63 84 7 93 44 42 46 4 97 24 69 10 75 30 28 31 0 36 53 34 90 23 96 54 62 2 8 37 70 66 29 50 55 18 88 78 49 12 47 73 87 45 68 25 38 35 74 89 71 33 83 41 43 48 67 20 9 3 92 57 14 99 32 26 15
TEST 82 ARG:40 77 21 49 55 92 37 72 2 19 25 13 29 51 36 83 74 31 87 65 41 91 96 64 42 10 69 34 60 56 39 80 79 46 94 4 63 90 97 1 0 86 15 75 30 76 35 84 20 53 88 61 32 89 18 58 28 67 26 93 11 66 23 7 73 48 98 52 16 59 9 44 8 70 57 99 5 85 47 24 50 82 71 38 45 95 17 78 43 33 12 62 3 68 22 6 81 27 14 54
TEST 83 ARG:95 40 41 19 35 10 83 66 78 17 92 6 24 14 49 26 63 90 55 80 74 87 58 45 89 22 47 53 81 25 4 30 16 72 68 75 31 37 97 28 13 2 86 70 0 11 52 91 32 48 96 79 59 8 60 46 1 34 88 5 44 69 7 98 84 99 51 85 38 3 33 61 27 9 76 62 39 82 67 12 57 50 94 23 56 65 73 43 20 42 71 93 15 21 77 54 36 18 64 29
TEST 86 ARG:93 64 36 59 74 46 97 75 63 78 31 61 40 79 60 84 80 27 99 90 62 42 19 20 0 55 39 71 48 85 72 95 67 13 12 88 17 3 45 57 94 70 76 18 34 43 5 38 16 15 56 11 33 35 4 58 28 53 81 37 49 66 9 24 22 14 30 96 51 52 23 82 7 50 29 83 21 73 41 68 77 98 25 47 32 2 92 69 89 91 1 54 10 26 65 6 86 8 87 44
TEST 87 ARG:58 15 30 98 80 34 27 87 70 61 40 28 47 68 88 73 86 62 20 36 75 35 65 53 11 0 93 45 92 25 3 99 66 8 59 49 67 2 50 69 95 51 13 14 10 56 38 55 41 81 54 82 72 63 78 32 29 21 46 42 4 85 26 48 71 33 43 37 83 17 16 94 19 60 39 96 52 89 77 6 24 64 90 22 91 57 74 12 31 97 18 1 76 44 79 5 7 84 23 9
TEST 89 ARG:78 38 75 6 44 39 57 93 28 61 54 45 47 10 24 64 17 95 40 72 62 56 13 3 73 35 25 27 5 21 58 88 46 9 84 50 71 60 81 68 29 7 12 8 92 90 49 41 15 77 23 1 74 36 86 42 53 37 69 99 98 30 22 82 34 97 18 52 33 67 96 51 87 2 0 11 66 55 31 63 76 85 43 26 32 70 4 89 19 59 65 83 80 91 79 48 20 16 94 14
TEST 90 ARG:85 42 92 76 38 36 80 91 63 77 45 31 52 15 59 71 79 5 98 65 22 16 96 54 28 32 57 39 7 12 72 1 73 20 93 47 61 82 69 3 13 68 53 88 51 34 70 62 86 23 83 18 33 58 56 11 30 19 6 95 78 29 81 41 94 24 66 60 9 14 90 0 84 44 10 27 40 87 46 37 67 48 89 50 17 4 21 74 75 26 97 8 99 2 43 55 64 49 35 25
